24.80800056 53.93500137 2.82699990 128 136 141 1.000000 71.000000
24.59000015 53.83599854 2.82299995 135 137 143 1.000000 50.000000
24.33300018 53.78300095 2.96600008 64 75 71 1.000000 0.000000
24.44799995 53.84899902 2.94600010 57 44 32 1.000000 26.000000
24.66600037 53.91299820 2.96799994 56 53 44 1.000000 43.000000
24.67200089 53.77500153 2.77900004 64 54 49 1.000000 56.000000
24.45599937 53.77799988 2.81399989 114 94 84 1.000000 42.000000
24.55599976 53.84600067 2.97300005 92 103 105 1.000000 0.000000
24.78700066 53.83700180 2.83599997 61 49 49 1.000000 46.000000
24.97599983 54.03499985 2.94199991 45 43 40 1.000000 29.000000
24.85700035 53.93399811 2.97000003 122 129 131 1.000000 0.000000
24.98299980 53.96400070 2.81200004 109 89 90 1.000000 53.000000
24.37100029 53.67900085 2.80200005 59 48 41 1.000000 33.000000
24.55599976 53.78599930 2.74200010 93 84 79 1.000000 66.000000
25.57699966 54.18299866 2.81599998 129 112 113 1.000000 51.000000
25.47400093 54.10499954 2.82699990 86 75 68 1.000000 59.000000
26.01700020 54.32899857 2.80999994 103 83 81 1.000000 74.000000
25.18700027 54.00799942 2.80800009 97 83 80 1.000000 76.000000
25.68700027 54.26300049 2.97099996 61 70 64 1.000000 0.000000
25.26600075 54.08000183 2.81500006 131 130 127 1.000000 74.000000
25.60600090 54.20299911 2.97099996 126 137 135 1.000000 0.000000
26.68700027 54.52999878 2.81100011 77 62 67 1.000000 59.000000
26.06299973 54.35200119 2.95900011 132 141 143 1.000000 32.000000
25.75000000 54.22000122 2.80800009 99 84 81 1.000000 39.000000
26.29999924 54.50799942 2.96199989 48 43 18 1.000000 50.000000
25.45499992 54.15299988 2.97300005 114 120 124 1.000000 0.000000
26.25099945 54.42699814 2.81399989 138 131 125 1.000000 45.000000
26.48500061 54.50099945 2.81200004 117 95 87 1.000000 40.000000
25.34099960 54.15599823 2.96700001 55 47 48 1.000000 35.000000
26.50099945 54.53300095 2.96600008 107 119 121 1.000000 0.000000
25.82699966 54.28900146 2.96900010 107 119 121 1.000000 0.000000
25.15200043 54.04499817 2.96700001 113 124 127 1.000000 0.000000
25.87999916 54.29000092 2.81299996 130 109 113 1.000000 37.000000
25.08900070 53.97200012 2.80299997 88 75 69 1.000000 36.000000
25.94400024 54.37200165 2.96900010 60 52 39 1.000000 30.000000
26.21299934 54.40999985 2.96000004 130 131 140 1.000000 0.000000
25.23800087 54.09700012 2.96900010 70 85 82 1.000000 0.000000
25.74399948 54.33100128 2.90300012 53 40 19 1.000000 54.000000
25.37100029 54.08000183 2.81800008 88 68 77 1.000000 30.000000
26.12199974 54.36100006 2.80800009 97 89 85 1.000000 52.000000
26.35600090 54.43500137 2.80699992 85 83 68 1.000000 37.000000
26.39699936 54.53300095 2.96499991 36 44 15 1.000000 25.000000
27.36499977 54.74200058 2.80699992 60 49 40 1.000000 75.000000
27.05999947 54.62799835 2.83999991 41 40 40 1.000000 33.000000
26.74500084 54.60300064 2.96300006 124 134 137 1.000000 0.000000
27.03899956 54.71500015 2.96399999 122 134 141 1.000000 0.000000
27.19899940 54.76100159 2.95300007 132 133 140 1.000000 0.000000
26.84700012 54.65000153 2.81500006 130 141 136 1.000000 72.000000
27.20400047 54.70500183 2.81699991 65 58 43 1.000000 36.000000
26.88199997 54.67300034 2.95700002 93 113 114 1.000000 0.000000
26.99600029 54.70800018 2.81900001 128 137 131 1.000000 70.000000
27.32699966 54.83499908 2.96499991 89 108 100 1.000000 0.000000
27.09799957 54.71599960 2.80299997 111 87 86 1.000000 37.000000
26.61199951 54.54499817 2.95099998 133 141 136 1.000000 0.000000
27.26899910 54.80500031 2.85899997 126 135 139 1.000000 59.000000
27.37000084 54.84799957 2.82599998 129 134 137 1.000000 62.000000
26.68600082 54.58599854 3.04200006 93 113 109 1.000000 4.000000
29.56599998 55.57799911 2.80100012 89 79 64 1.000000 69.000000
27.81399918 54.91600037 2.81100011 65 50 58 1.000000 45.000000
29.21299934 55.46099854 2.80599999 105 85 80 1.000000 45.000000
28.03700066 55.05400085 2.95199990 131 138 140 1.000000 0.000000
27.52599907 54.85499954 2.80500007 95 82 75 1.000000 62.000000
28.25099945 55.16799927 2.96600008 74 85 78 1.000000 0.000000
28.86199951 55.31200027 2.79900002 87 70 72 1.000000 28.000000
27.98100090 55.01200104 2.80100012 88 77 59 1.000000 71.000000
28.68700027 55.31399918 2.96199989 92 104 104 1.000000 0.000000
27.65200043 54.92200089 2.96199989 123 134 138 1.000000 0.000000
28.50300026 55.22999954 2.81399989 134 135 139 1.000000 80.000000
28.67399979 55.24700165 2.77500010 85 77 67 1.000000 105.000000
29.66200066 55.62200165 2.80500007 107 89 86 1.000000 43.000000
29.74900055 55.58399963 2.76699996 63 46 40 1.000000 42.000000
27.87800026 54.99700165 2.95099998 131 133 146 1.000000 50.000000
28.46500015 55.22399902 2.96799994 118 130 132 1.000000 0.000000
28.91699982 55.38899994 2.96499991 109 121 120 1.000000 0.000000
28.28700066 55.10300064 2.75900006 74 60 50 1.000000 38.000000
27.48999977 54.87599945 2.96399999 123 128 132 1.000000 0.000000
29.40699959 55.53300095 2.94799995 132 137 138 1.000000 0.000000
29.11800003 55.50000000 2.95900011 44 29 35 1.000000 20.000000
28.05400085 55.08800125 2.81800008 133 133 147 1.000000 77.000000
28.45700073 55.14899826 2.75699997 81 62 62 1.000000 56.000000
28.11000061 55.13700104 2.95900011 60 49 58 1.000000 8.000000
28.35799980 55.18700027 2.81100011 133 133 140 1.000000 73.000000
29.73900032 55.69100189 2.96799994 70 78 81 1.000000 0.000000
29.53499985 55.61500168 2.96399999 85 100 99 1.000000 0.000000
28.98900032 55.37799835 2.80399990 94 78 73 1.000000 46.000000
28.77400017 55.24800110 2.85100007 71 50 58 1.000000 28.000000
28.78599930 55.35800171 2.95700002 73 88 77 1.000000 0.000000
27.67700005 54.92399979 2.80900002 106 84 84 1.000000 58.000000
29.10700035 55.44100189 2.81299996 136 133 132 1.000000 70.000000
29.27400017 55.53799820 2.96700001 51 62 56 1.000000 0.000000
28.55699921 55.27600098 2.96199989 77 90 86 1.000000 0.000000
28.01600075 54.95500183 2.67600012 73 69 66 1.000000 69.000000
29.01199913 55.46400070 2.96300006 43 24 40 1.000000 69.000000
28.19599915 55.07099915 2.81399989 73 56 56 1.000000 57.000000
29.61899948 55.67900085 2.96099997 47 34 37 1.000000 52.000000
27.76600075 55.00000000 2.96900010 77 72 68 1.000000 0.000000
29.06500053 55.37500000 2.73300004 83 75 67 1.000000 30.000000
27.88999939 55.03099823 2.83800006 125 129 133 1.000000 78.000000
28.58799934 55.18299866 2.78200006 73 51 41 1.000000 58.000000
28.36199951 55.22700119 2.96300006 56 52 42 1.000000 41.000000
29.41099930 55.56000137 2.81399989 128 135 139 1.000000 76.000000
31.43499947 56.25199890 2.86100006 130 135 139 1.000000 42.000000
30.74600029 56.05300140 2.96600008 40 51 52 1.000000 0.000000
31.23200035 56.20000076 2.80800009 133 139 135 1.000000 82.000000
31.60199928 56.29000092 2.80800009 96 78 79 1.000000 54.000000
32.10699844 56.49700165 2.95900011 92 97 98 1.000000 0.000000
30.86199951 56.01300049 2.77999997 91 79 66 1.000000 58.000000
30.47400093 55.90399933 2.83999991 125 104 97 1.000000 22.000000
30.26399994 55.80500031 2.77200007 83 81 65 1.000000 51.000000
30.65399933 55.96900177 2.80100012 111 88 92 1.000000 41.000000
32.00299835 56.39400101 2.76900005 85 75 67 1.000000 43.000000
32.15399933 56.42800140 2.79099989 71 61 52 1.000000 29.000000
30.06299973 55.80099869 2.96700001 76 83 82 1.000000 0.000000
29.89500046 55.74000168 2.96600008 86 96 86 1.000000 0.000000
31.17900085 56.19499969 2.96300006 69 81 82 1.000000 0.000000
32.05400085 56.49399948 2.82299995 122 135 135 1.000000 66.000000
30.51099968 55.94699860 2.96000004 98 111 109 1.000000 0.000000
31.93600082 56.46400070 2.96099997 28 24 20 1.000000 0.000000
31.35400009 56.27500153 2.96399999 38 42 45 1.000000 62.000000
30.98100090 56.15100098 2.96099997 38 37 19 1.000000 54.000000
31.65500069 56.34700012 2.95900011 100 114 108 1.000000 0.000000
30.64200020 56.01699829 2.96399999 56 56 66 1.000000 0.000000
30.39999962 55.80899811 2.78099990 64 43 48 1.000000 74.000000
31.47299957 56.20399857 2.76900005 84 70 63 1.000000 54.000000
30.40299988 55.94599915 2.96300006 52 41 47 1.000000 35.000000
31.86300087 56.33200073 2.76999998 78 61 54 1.000000 26.000000
31.70800018 56.27099991 2.78099990 47 41 41 1.000000 45.000000
30.29100037 55.84400177 2.95300007 128 133 141 1.000000 0.000000
31.09099960 56.13399887 2.80999994 130 131 127 1.000000 52.000000
29.86499977 55.70100021 2.80999994 126 119 118 1.000000 61.000000
29.99399948 55.71300125 2.79999995 73 66 48 1.000000 36.000000
31.80299950 56.40100098 2.96199989 87 108 101 1.000000 0.000000
31.34300041 56.19699860 2.80500007 91 79 70 1.000000 49.000000
30.16900063 55.81200027 2.80699992 132 131 127 1.000000 70.000000
31.48399925 56.30199814 2.96399999 67 74 79 1.000000 0.000000
30.89399910 56.07899857 2.95700002 103 112 112 1.000000 0.000000
30.56100082 55.87400055 2.76999998 59 48 47 1.000000 63.000000
30.10099983 55.74399948 2.76300001 92 77 71 1.000000 40.000000
30.17799950 55.86800003 2.96199989 36 25 32 1.000000 30.000000
30.94300079 56.07699966 2.80999994 123 113 107 1.000000 37.000000
31.28100014 56.20299911 2.96000004 118 128 125 1.000000 0.000000
31.75699997 56.36299896 2.80699992 125 120 121 1.000000 74.000000
31.91099930 56.41999817 2.80500007 133 133 128 1.000000 78.000000
30.75600052 55.97299957 2.79900002 87 80 68 1.000000 33.000000
31.08099937 56.20600128 2.93000007 34 40 13 1.000000 54.000000
30.30200005 55.85499954 2.85400009 133 141 139 1.000000 33.000000
32.21099854 56.53599930 2.80999994 132 136 141 1.000000 83.000000
32.88199997 56.75299835 2.93400002 118 129 131 1.000000 41.000000
33.25199890 56.88600159 2.94600010 102 118 115 1.000000 0.000000
32.62099838 56.69900131 2.96300006 46 41 47 1.000000 0.000000
33.25699997 56.83399963 2.81900001 59 40 32 1.000000 69.000000
32.30599976 56.60800171 2.95799994 48 38 43 1.000000 28.000000
33.10200119 56.79999924 2.79800010 100 84 86 1.000000 28.000000
32.60900116 56.61199951 2.76200008 76 66 62 1.000000 33.000000
33.35100174 56.88600159 2.79800010 99 72 73 1.000000 69.000000
33.40200043 56.93999863 2.95099998 87 104 105 1.000000 0.000000
33.00500107 56.83200073 2.95900011 44 45 31 1.000000 0.000000
32.41299820 56.62400055 2.96199989 48 47 44 1.000000 0.000000
32.47600174 56.60100174 2.79900002 139 133 136 1.000000 41.000000
32.31299973 56.52000046 2.76300001 89 83 70 1.000000 52.000000
32.72999954 56.77000046 2.95499992 52 38 9 1.000000 47.000000
32.80899811 56.68000031 2.80299997 84 69 47 1.000000 60.000000
32.89599991 56.73199844 2.79999995 107 88 82 1.000000 63.000000
32.69699860 56.68000031 2.80800009 137 138 143 1.000000 43.000000
32.99599838 56.79199982 2.80399990 131 135 136 1.000000 46.000000
32.36199951 56.60100174 2.81800008 109 119 118 1.000000 57.000000
33.10300064 56.88299942 2.95900011 42 30 37 1.000000 0.000000
32.20100021 56.58800125 2.95099998 53 34 0 1.000000 47.000000
32.49599838 56.68399811 2.96000004 54 32 36 1.000000 63.000000
33.77399826 57.08000183 2.96499991 55 64 68 1.000000 0.000000
33.88199997 57.11100006 2.82500005 123 130 135 1.000000 52.000000
34.26300049 57.25099945 2.80800009 120 126 130 1.000000 67.000000
33.77700043 57.14599991 2.88499999 48 34 2 1.000000 31.000000
33.75099945 56.98600006 2.77800012 83 72 63 1.000000 38.000000
34.52700043 57.35300064 2.95400000 47 40 46 1.000000 0.000000
34.56900024 57.32699966 2.79500008 134 138 138 1.000000 51.000000
34.24200058 57.28799820 2.95700002 55 37 47 1.000000 59.000000
34.36199951 57.30699921 2.96000004 43 40 32 1.000000 0.000000
33.93500137 57.16899872 2.95900011 54 37 24 1.000000 0.000000
33.65000153 57.01800156 2.94799995 110 122 118 1.000000 0.000000
33.51399994 57.03400040 2.95900011 51 49 43 1.000000 36.000000
34.41799927 57.28099823 2.79399991 128 138 142 1.000000 60.000000
34.11500168 57.18500137 2.80100012 131 135 145 1.000000 70.000000
34.08599854 57.17100143 2.94600010 100 119 111 1.000000 40.000000
33.65499878 57.04399872 2.81200004 114 126 123 1.000000 78.000000
33.50600052 56.97800064 2.80299997 130 137 146 1.000000 72.000000
34.18199921 57.20299911 2.94499993 102 116 119 1.000000 0.000000
36.26599884 57.96099854 2.95499992 53 32 47 1.000000 0.000000
35.32500076 57.62300110 2.80699992 109 126 124 1.000000 76.000000
34.88000107 57.50899887 2.95300007 43 32 33 1.000000 39.000000
36.86299896 58.13199997 2.80500007 133 133 142 1.000000 39.000000
35.09700012 57.54000092 2.80500007 115 128 134 1.000000 58.000000
36.96400070 58.20000076 2.95799994 39 42 40 1.000000 0.000000
34.69100189 57.39799881 2.95400000 37 49 44 1.000000 0.000000
35.52700043 57.71099854 2.95600009 41 26 17 1.000000 0.000000
35.11899948 57.57600021 2.95400000 51 50 40 1.000000 0.000000
36.06999969 57.92800140 2.94899988 54 35 34 1.000000 54.000000
35.78099823 57.72900009 2.79200006 128 119 119 1.000000 68.000000
35.96400070 57.80899811 2.79699993 128 136 132 1.000000 50.000000
36.81999969 58.18099976 2.95499992 47 43 27 1.000000 65.000000
35.76100159 57.75400162 2.95300007 63 78 80 1.000000 0.000000
36.44699860 57.99399948 2.95099998 57 61 68 1.000000 0.000000
36.53699875 58.03300095 2.80299997 108 122 125 1.000000 69.000000
36.19699860 57.88399887 2.79699993 128 133 140 1.000000 42.000000
34.86800003 57.45000076 2.80299997 126 128 134 1.000000 76.000000
35.22100067 57.60800171 2.95799994 47 31 32 1.000000 0.000000
36.06200027 57.81800079 2.82200003 127 117 117 1.000000 61.000000
34.77700043 57.35900116 2.80699992 87 76 64 1.000000 31.000000
36.73099899 58.07400131 2.79200006 134 130 129 1.000000 78.000000
36.58800125 58.05599976 2.95300007 69 89 84 1.000000 0.000000
36.96500015 58.12500000 2.81500006 89 80 81 1.000000 42.000000
35.38000107 57.68099976 2.95499992 56 46 48 1.000000 51.000000
35.24700165 57.54299927 2.79299998 119 110 105 1.000000 64.000000
35.95199966 57.86199951 2.95900011 57 42 44 1.000000 0.000000
36.74200058 58.10200119 2.95499992 93 106 103 1.000000 0.000000
34.60200119 57.43199921 2.90000010 33 36 7 1.000000 29.000000
36.44200134 58.01699829 2.83699989 59 69 76 1.000000 56.000000
34.99000168 57.53300095 2.96499991 42 29 30 1.000000 0.000000
35.42800140 57.63100052 2.79600000 130 136 140 1.000000 37.000000
35.63499832 57.77799988 2.94899988 39 18 33 1.000000 31.000000
35.64400101 57.71799850 2.79999995 129 136 139 1.000000 35.000000
34.76699829 57.46599960 2.96099997 42 37 7 1.000000 65.000000
35.85800171 57.79700089 2.80299997 120 129 130 1.000000 77.000000
35.83300018 57.83000183 2.95499992 57 45 47 1.000000 0.000000
36.20899963 57.99300003 2.87100005 48 37 32 1.000000 33.000000
36.16899872 57.89300156 2.91700006 84 104 102 1.000000 18.000000
36.31200027 57.95100021 2.80200005 118 130 138 1.000000 69.000000
38.18199921 58.54600143 2.80599999 99 84 84 1.000000 24.000000
38.71400070 58.79499817 2.95300007 32 46 13 1.000000 0.000000
38.69800186 58.73199844 2.74399996 103 78 78 1.000000 67.000000
38.61000061 58.73500061 2.79699993 131 138 142 1.000000 38.000000
39.15100098 58.91299820 2.79200006 131 134 144 1.000000 39.000000
38.56800079 58.75299835 2.94600010 59 36 39 1.000000 0.000000
37.22399902 58.22200012 2.78800011 84 77 61 1.000000 60.000000
37.58399963 58.45299911 2.95099998 42 35 27 1.000000 45.000000
38.79700089 58.76800156 2.78500009 129 117 119 1.000000 32.000000
37.34600067 58.31299973 2.95499992 75 85 90 1.000000 0.000000
39.31000137 58.92699814 2.72499990 88 75 67 1.000000 34.000000
37.88399887 58.48699951 2.94300008 98 109 107 1.000000 25.000000
37.08000183 58.15999985 2.77200007 88 78 78 1.000000 80.000000
38.96500015 58.88800049 2.81500006 71 80 82 1.000000 66.000000
38.53400040 58.66699982 2.76099992 84 70 68 1.000000 71.000000
37.37200165 58.29100037 2.79600000 136 131 127 1.000000 52.000000
38.40800095 58.68000031 2.95499992 47 55 42 1.000000 0.000000
38.91600037 58.91699982 2.91400003 70 56 55 1.000000 26.000000
38.07500076 58.60200119 2.95199990 52 37 38 1.000000 0.000000
37.75899887 58.40800095 2.78500009 94 77 69 1.000000 72.000000
39.28099823 59.03099823 2.94799995 49 44 26 1.000000 27.000000
37.72600174 58.45700073 2.95600009 44 45 43 1.000000 0.000000
37.22999954 58.32799911 2.95000005 33 22 21 1.000000 20.000000
39.14400101 58.96099854 2.95300007 43 39 27 1.000000 0.000000
37.43099976 58.39199829 2.95400000 55 41 46 1.000000 73.000000
37.11000061 58.24599838 2.95199990 49 51 50 1.000000 0.000000
39.02099991 58.91400146 2.95099998 49 35 35 1.000000 0.000000
38.36700058 58.65299988 2.79399991 131 133 141 1.000000 70.000000
37.99000168 58.53300095 2.80299997 132 135 142 1.000000 43.000000
38.26300049 58.61399841 2.94099998 94 100 105 1.000000 36.000000
38.83800125 58.85800171 2.95600009 49 42 40 1.000000 0.000000
39.37799835 58.99100113 2.79299998 131 136 139 1.000000 40.000000
39.23899841 58.95399857 2.86800003 107 118 117 1.000000 39.000000
37.47200012 58.34299850 2.79900002 134 138 142 1.000000 41.000000
37.96500015 58.57799911 2.95099998 51 42 23 1.000000 61.000000
39.28300095 59.06900024 2.79800010 52 45 27 1.000000 53.000000
39.38100052 59.03499985 2.94899988 43 33 38 1.000000 0.000000
37.79999924 58.46099854 2.85999990 121 126 134 1.000000 30.000000
40.10800171 59.19100189 2.78800011 92 75 78 1.000000 36.000000
40.13899994 59.29600143 2.95199990 46 35 24 1.000000 0.000000
39.59000015 59.12599945 2.95300007 50 43 30 1.000000 32.000000
40.26100159 59.32199860 2.80100012 67 86 81 1.000000 82.000000
39.79399872 59.21300125 2.93899989 50 35 22 1.000000 58.000000
39.43700027 59.11500168 2.80200005 49 30 36 1.000000 41.000000
39.58399963 59.07099915 2.81399989 119 127 133 1.000000 34.000000
39.91199875 59.21799850 2.95199990 55 36 33 1.000000 0.000000
40.35300064 59.26499939 2.77500010 83 75 70 1.000000 22.000000
39.88000107 59.15100098 2.79099989 129 136 136 1.000000 73.000000
40.23400116 59.32799911 2.95199990 53 24 33 1.000000 0.000000
40.01300049 59.27700043 2.94700003 55 38 31 1.000000 65.000000
40.56399918 59.33599854 2.77500010 93 78 72 1.000000 64.000000
39.95500183 59.21900177 2.80200005 78 89 89 1.000000 73.000000
39.69599915 59.13100052 2.95700002 44 31 36 1.000000 0.000000
39.48400116 59.08300018 2.94499993 44 22 5 1.000000 0.000000
40.02700043 59.33000183 2.81399989 64 46 30 1.000000 29.000000
39.78900146 59.14599991 2.83899999 95 112 118 1.000000 36.000000
40.38100052 59.33900070 2.94700003 44 43 47 1.000000 0.000000
39.70500183 59.19599915 2.86599994 62 52 48 1.000000 47.000000
41.30099869 59.68000031 2.94799995 111 126 120 1.000000 0.000000
41.04999924 59.56600189 2.79299998 106 123 116 1.000000 38.000000
40.73400116 59.44800186 2.82299995 120 132 139 1.000000 29.000000
41.47800064 59.74000168 2.80299997 134 136 146 1.000000 80.000000
41.13700104 59.52799988 2.75200009 90 79 75 1.000000 33.000000
41.08200073 59.58599854 2.94799995 127 138 136 1.000000 0.000000
40.84000015 59.47900009 2.78900003 127 137 139 1.000000 43.000000
40.68000031 59.47000122 2.95600009 52 41 20 1.000000 0.000000
40.46799850 59.43399811 2.94899988 50 40 43 1.000000 63.000000
41.74800110 59.79000092 2.78800011 88 74 64 1.000000 26.000000
40.97499847 59.47900009 2.76200008 98 81 74 1.000000 17.000000
41.64699936 59.87500000 2.79500008 46 31 23 1.000000 53.000000
41.64799881 59.73099899 2.75099993 81 71 62 1.000000 40.000000
40.88800049 59.61899948 2.79500008 56 46 37 1.000000 49.000000
41.32400131 59.69499969 2.80699992 127 132 127 1.000000 73.000000
41.74000168 59.83800125 2.95199990 95 111 102 1.000000 0.000000
41.52000046 59.75500107 2.95199990 108 123 120 1.000000 0.000000
40.83499908 59.50799942 2.95099998 27 38 14 1.000000 0.000000
41.20000076 59.66400146 2.95099998 67 78 68 1.000000 0.000000
40.76900101 59.55699921 2.87700009 48 37 43 1.000000 29.000000
40.43799973 59.36399841 2.79399991 106 126 116 1.000000 46.000000
41.62300110 59.84199905 2.93400002 40 39 43 1.000000 42.000000
41.17100143 59.62500000 2.80100012 63 77 80 1.000000 67.000000
40.56100082 59.43399811 2.80599999 52 61 55 1.000000 64.000000
40.57899857 59.47700119 2.94499993 57 46 37 1.000000 19.000000
40.97900009 59.58100128 2.95300007 52 41 31 1.000000 0.000000
40.35200119 59.43299866 2.79699993 56 47 42 1.000000 41.000000
41.75899887 59.89599991 2.87100005 53 33 36 1.000000 36.000000
41.40200043 59.68500137 2.93400002 138 139 144 1.000000 0.000000
41.03599930 59.67200089 2.79399991 56 44 38 1.000000 42.000000
41.56200027 59.67900085 2.76799989 60 33 40 1.000000 55.000000
43.99900055 60.56499863 2.78800011 100 78 66 1.000000 67.000000
44.12500000 60.54899979 2.80900002 60 49 46 1.000000 52.000000
42.50099945 60.09899902 2.95000005 90 103 98 1.000000 0.000000
42.56499863 60.18199921 2.79699993 40 46 29 1.000000 44.000000
43.94300079 60.59899902 2.94899988 60 63 63 1.000000 0.000000
43.58399963 60.36000061 2.81800008 66 50 34 1.000000 59.000000
43.67599869 60.39599991 2.79600000 69 55 27 1.000000 56.000000
43.29000092 60.33100128 2.92700005 128 136 136 1.000000 51.000000
42.92200089 60.20600128 2.94099998 132 130 139 1.000000 0.000000
43.56499863 60.47100067 2.94700003 63 69 69 1.000000 0.000000
42.54299927 60.02600098 2.77999997 67 57 51 1.000000 72.000000
42.27299881 59.97600174 2.79299998 81 74 58 1.000000 45.000000
42.37500000 59.94599915 2.79800010 58 48 50 1.000000 57.000000
42.64099884 60.11700058 2.79600000 128 119 117 1.000000 37.000000
42.36600113 60.04499817 2.94799995 106 116 116 1.000000 0.000000
42.13399887 59.93899918 2.94600010 131 139 141 1.000000 0.000000
41.83399963 59.88600159 2.95099998 65 64 63 1.000000 1.000000
42.72299957 60.10599899 2.72600007 80 71 67 1.000000 45.000000
43.11700058 60.26200104 2.78800011 89 80 77 1.000000 32.000000
43.75099945 60.55500031 2.94499993 47 36 33 1.000000 55.000000
42.78799820 60.22200012 2.94400001 43 42 34 1.000000 26.000000
41.95399857 59.92900085 2.95099998 58 57 59 1.000000 3.000000
43.33300018 60.34400177 2.79299998 103 83 78 1.000000 35.000000
41.86299896 59.85699844 2.79299998 136 132 130 1.000000 56.000000
43.43999863 60.38100052 2.93600011 129 134 135 1.000000 0.000000
43.05799866 60.31100082 2.94899988 49 49 45 1.000000 51.000000
43.66500092 60.49100113 2.94899988 85 98 99 1.000000 0.000000
42.92499924 60.20899963 2.79399991 117 100 101 1.000000 71.000000
43.63399887 60.54600143 2.79699993 50 32 30 1.000000 34.000000
42.03900146 59.89400101 2.79900002 86 77 60 1.000000 36.000000
43.86000061 60.53400040 2.79500008 133 130 127 1.000000 46.000000
44.04700089 60.63100052 2.95000005 58 63 72 1.000000 0.000000
44.16299820 60.68600082 2.94700003 49 50 46 1.000000 37.000000
43.04000092 60.21699905 2.73099995 59 47 42 1.000000 94.000000
42.64500046 60.16099930 2.94899988 38 49 50 1.000000 0.000000
42.25299835 60.04000092 2.94899988 51 36 49 1.000000 45.000000
42.77399826 60.18299866 2.80200005 132 136 140 1.000000 74.000000
41.95299911 59.97900009 2.79500008 33 20 11 1.000000 50.000000
43.23400116 60.32400131 2.79500008 137 135 140 1.000000 69.000000
43.18000031 60.34199905 2.94899988 56 52 60 1.000000 0.000000
43.77000046 60.47499847 2.78399992 88 80 73 1.000000 60.000000
43.77899933 60.60699844 2.79200006 32 40 19 1.000000 46.000000
43.93600082 60.64099884 2.80500007 41 40 0 1.000000 47.000000
44.16500092 60.73600006 2.78900003 41 26 40 1.000000 48.000000
42.15000153 59.91400146 2.80599999 79 64 62 1.000000 61.000000
42.37400055 60.04700089 2.82500005 132 134 149 1.000000 64.000000
44.18700027 60.62500000 2.78600001 87 63 55 1.000000 57.000000
43.84799957 60.51599884 2.93199992 134 137 147 1.000000 0.000000
43.45399857 60.39899826 2.80800009 131 137 135 1.000000 57.000000
45.74900055 61.14500046 2.79099989 90 76 67 1.000000 67.000000
44.65599823 60.79100037 2.94099998 134 137 145 1.000000 0.000000
45.98400116 61.19599915 2.76399994 81 60 63 1.000000 38.000000
44.27899933 60.70899963 2.94899988 62 63 68 1.000000 4.000000
45.26499939 60.95800018 2.80800009 60 44 48 1.000000 24.000000
46.20899963 61.28300095 2.78600001 82 75 71 1.000000 56.000000
44.81399918 60.89500046 2.94600010 53 60 58 1.000000 0.000000
46.49900055 61.47800064 2.94300008 44 41 41 1.000000 55.000000
45.66500092 61.13399887 2.94000006 123 130 136 1.000000 0.000000
45.61600113 61.21599960 2.79500008 59 42 38 1.000000 53.000000
46.08800125 61.27099991 2.78699994 93 75 78 1.000000 58.000000
46.10499954 61.30300140 2.94099998 120 124 131 1.000000 0.000000
44.61100006 60.79499817 2.79399991 134 136 137 1.000000 59.000000
45.52099991 61.01200104 2.77500010 69 57 56 1.000000 61.000000
44.34799957 60.62799835 2.73000002 55 43 56 1.000000 63.000000
45.56399918 61.12900162 2.94199991 88 102 104 1.000000 0.000000
44.75799942 60.75999832 2.79999995 79 66 68 1.000000 48.000000
44.47000122 60.66699982 2.77300000 78 63 54 1.000000 31.000000
45.26900101 61.05300140 2.95099998 59 54 51 1.000000 17.000000
45.16199875 61.01699829 2.94700003 45 44 46 1.000000 0.000000
45.03400040 60.94300079 2.94600010 98 118 119 1.000000 0.000000
46.00199890 61.29499817 2.94600010 61 61 62 1.000000 0.000000
45.73500061 61.21699905 2.94099998 58 44 41 1.000000 58.000000
45.10599899 60.92800140 2.78699994 89 78 71 1.000000 37.000000
44.99399948 60.90000153 2.78399992 100 80 80 1.000000 60.000000
45.64599991 61.08599854 2.70400000 72 57 58 1.000000 53.000000
44.84000015 60.87400055 2.79500008 133 141 135 1.000000 80.000000
46.33300018 61.32600021 2.79299998 52 45 37 1.000000 35.000000
45.82899857 61.21300125 2.79800010 127 134 139 1.000000 74.000000
44.50000000 60.75299835 2.94899988 120 132 134 1.000000 0.000000
45.46099854 61.12400055 2.94700003 46 38 45 1.000000 38.000000
46.34000015 61.36199951 2.93600011 127 133 144 1.000000 0.000000
45.87799835 61.21300125 2.94000006 128 130 134 1.000000 0.000000
44.67699814 60.91099930 2.81500006 54 29 48 1.000000 34.000000
44.39199829 60.76499939 2.94899988 44 37 21 1.000000 27.000000
45.36800003 61.00899887 2.78900003 76 66 55 1.000000 77.000000
46.22499847 61.38100052 2.94199991 59 48 46 1.000000 43.000000
46.44599915 61.38899994 2.78299999 88 76 72 1.000000 56.000000
44.93600082 60.82400131 2.74300003 63 61 61 1.000000 81.000000
46.39799881 61.47299957 2.88000011 26 31 4 1.000000 51.000000
44.30099869 60.70000076 2.80200005 134 135 145 1.000000 65.000000
44.92900085 60.94200134 2.94600010 43 41 40 1.000000 40.000000
44.45600128 60.81600189 2.82500005 39 27 28 1.000000 41.000000
45.97700119 61.32600021 2.83500004 19 35 26 1.000000 42.000000
46.55199814 61.41999817 2.78299999 77 83 70 1.000000 50.000000
45.00500107 61.01300049 2.79200006 47 37 33 1.000000 40.000000
45.37200165 61.02999878 2.92899990 129 136 141 1.000000 0.000000
45.60200119 61.11500168 2.78900003 129 119 120 1.000000 80.000000
45.44699860 61.08900070 2.80200005 133 139 145 1.000000 66.000000
44.70700073 60.88299942 2.91899991 49 40 29 1.000000 23.000000
46.44800186 61.39300156 2.91700006 133 141 143 1.000000 10.000000
47.16699982 61.66699982 2.94199991 94 119 107 1.000000 0.000000
46.83000183 61.47399902 2.76300001 84 64 66 1.000000 69.000000
47.09700012 61.59400177 2.78099990 83 76 77 1.000000 42.000000
47.60499954 61.72200012 2.76099992 62 48 40 1.000000 22.000000
46.95399857 61.61500168 2.94000006 60 66 61 1.000000 0.000000
47.27899933 61.60400009 2.77300000 65 44 32 1.000000 51.000000
47.26200104 61.71900177 2.93799996 53 56 61 1.000000 0.000000
46.72600174 61.52099991 2.93799996 98 109 113 1.000000 0.000000
46.61600113 61.49700165 2.94400001 53 64 71 1.000000 0.000000
46.90599823 61.67100143 2.81599998 49 36 20 1.000000 44.000000
46.70100021 61.47399902 2.78600001 91 76 78 1.000000 43.000000
47.13700104 61.73699951 2.78800011 38 38 11 1.000000 43.000000
46.90999985 61.56100082 2.79299998 133 123 126 1.000000 46.000000
47.41400146 61.73300171 2.93700004 133 138 143 1.000000 0.000000
46.79100037 61.51499939 2.85800004 138 143 142 1.000000 18.000000
47.36000061 61.69499969 2.78200006 90 78 73 1.000000 69.000000
46.84500122 61.57600021 2.94400001 67 68 62 1.000000 0.000000
47.06600189 61.66299820 2.94300008 49 37 39 1.000000 54.000000
48.55099869 62.01200104 2.75099993 55 42 45 1.000000 43.000000
47.80599976 61.81700134 2.77099991 79 73 54 1.000000 24.000000
48.90499878 62.31700134 2.78999996 54 49 42 1.000000 48.000000
48.78200150 62.15700150 2.77800012 85 74 62 1.000000 59.000000
48.36399841 62.10100174 2.93899989 44 42 38 1.000000 33.000000
47.54999924 61.76800156 2.86899996 134 135 140 1.000000 20.000000
48.64699936 62.10699844 2.79399991 62 45 48 1.000000 70.000000
48.55099869 62.11899948 2.94400001 124 129 133 1.000000 0.000000
48.03499985 61.90399933 2.79399991 84 75 64 1.000000 61.000000
47.75899887 61.93199921 2.79200006 48 50 47 1.000000 44.000000
48.14799881 61.90399933 2.75300002 57 42 40 1.000000 69.000000
48.34799957 62.04199982 2.81599998 136 136 139 1.000000 53.000000
47.51800156 61.84700012 2.81100011 39 40 23 1.000000 48.000000
47.84299850 61.91099930 2.94000006 50 61 69 1.000000 0.000000
47.95000076 61.91099930 2.93899989 130 130 140 1.000000 0.000000
48.28900146 62.11800003 2.78800011 43 32 33 1.000000 47.000000
48.83800125 62.24599838 2.93700004 45 55 60 1.000000 0.000000
48.09299850 61.97299957 2.94400001 110 125 129 1.000000 0.000000
48.90399933 62.18399811 2.73300004 84 80 69 1.000000 44.000000
48.46099854 62.06200027 2.78399992 97 77 70 1.000000 59.000000
47.90800095 61.83399963 2.74900007 80 74 52 1.000000 71.000000
48.68899918 62.18099976 2.94799995 82 97 99 1.000000 0.000000
47.75999832 61.83499908 2.90000010 131 135 135 1.000000 17.000000
48.25299835 62.05799866 2.94099998 56 42 53 1.000000 15.000000
48.93799973 62.24700165 2.94000006 121 134 130 1.000000 0.000000
47.66600037 61.81000137 2.78600001 123 108 113 1.000000 73.000000
48.99000168 62.24800110 2.78399992 121 108 102 1.000000 42.000000
47.32899857 61.79399872 2.85700011 50 43 34 1.000000 47.000000
47.63399887 61.81600189 2.94199991 118 127 133 1.000000 0.000000
48.19599915 61.98899841 2.79200006 132 124 126 1.000000 76.000000
48.72000122 62.24499893 2.84500003 48 41 39 1.000000 40.000000
47.49100113 61.80899811 2.94099998 40 33 40 1.000000 69.000000
48.19100189 61.98099899 2.90799999 136 137 143 1.000000 59.000000
48.48899841 62.16699982 2.85100007 43 31 15 1.000000 32.000000
48.01300049 62.00299835 2.87899995 42 42 41 1.000000 35.000000
49.75799942 62.49300003 2.79600000 105 86 78 1.000000 31.000000
49.11899948 62.29499817 2.78600001 135 119 124 1.000000 69.000000
49.09500122 62.28499985 2.92600012 132 134 140 1.000000 0.000000
50.02199936 62.55500031 2.77600002 81 81 68 1.000000 40.000000
50.39199829 62.72700119 2.94199991 122 127 136 1.000000 0.000000
50.49599838 62.66799927 2.76600003 55 60 30 1.000000 69.000000
50.68099976 62.75899887 2.73099995 78 53 60 1.000000 22.000000
49.65800095 62.46500015 2.77999997 106 86 81 1.000000 71.000000
50.20100021 62.60300064 2.75300002 81 77 66 1.000000 41.000000
49.82500076 62.63100052 2.78399992 51 39 32 1.000000 49.000000
49.92399979 62.48300171 2.74399996 50 42 43 1.000000 26.000000
49.58599854 62.39300156 2.75799990 79 72 60 1.000000 64.000000
50.16199875 62.65999985 2.93600011 94 120 117 1.000000 0.000000
49.86000061 62.54100037 2.93199992 129 138 146 1.000000 0.000000
49.63299942 62.47399902 2.93899989 121 131 134 1.000000 0.000000
49.63800049 62.58700180 2.80800009 49 44 32 1.000000 35.000000
50.71300125 62.88100052 2.93300009 48 38 41 1.000000 46.000000
50.69800186 62.98199844 2.76999998 57 47 48 1.000000 52.000000
49.42599869 62.37500000 2.77699995 82 76 68 1.000000 85.000000
50.63100052 62.80500031 2.93499994 127 132 130 1.000000 0.000000
49.47100067 62.41299820 2.93799996 130 138 138 1.000000 0.000000
50.51399994 62.81299973 2.93700004 52 43 45 1.000000 23.000000
50.06100082 62.65200043 2.94000006 39 50 52 1.000000 0.000000
49.44599915 62.49900055 2.78500009 45 48 36 1.000000 55.000000
50.36299896 62.70800018 2.78699994 131 127 118 1.000000 54.000000
49.25099945 62.29800034 2.78099990 74 61 46 1.000000 41.000000
49.36399841 62.43600082 2.93499994 46 33 35 1.000000 35.000000
49.12699890 62.40399933 2.78699994 36 42 34 1.000000 51.000000
50.81999969 62.81399918 2.73900008 83 72 68 1.000000 49.000000
49.17399979 62.36399841 2.93700004 49 53 52 1.000000 0.000000
49.96400070 62.56900024 2.92300010 134 135 141 1.000000 0.000000
50.31399918 62.82300186 2.81399989 48 39 22 1.000000 29.000000
50.73099899 62.84400177 2.78900003 139 138 148 1.000000 62.000000
50.59400177 62.88800049 2.78099990 48 38 57 1.000000 36.000000
50.57899857 62.77899933 2.78399992 131 118 118 1.000000 57.000000
49.73899841 62.49000168 2.91899991 135 138 150 1.000000 4.000000
50.05199814 62.70600128 2.78500009 38 43 22 1.000000 48.000000
50.81700134 62.97000122 2.77900004 51 40 39 1.000000 40.000000
50.25000000 62.72399902 2.93700004 36 42 20 1.000000 58.000000
50.83599854 62.90000153 2.93899989 67 73 77 1.000000 0.000000
49.28699875 62.45299911 2.78399992 44 34 9 1.000000 50.000000
50.09500122 62.57500076 2.69499993 69 55 56 1.000000 79.000000
49.53200150 62.50099945 2.90499997 30 42 30 1.000000 30.000000
49.32899857 62.36600113 2.83800006 140 140 140 1.000000 37.000000
